8588
-5927
-4142
7093
-9781
7471
-7074
3164
-7581
9891
-8443
3619
-1054
4483
-3173
9606
-75
8989
-7916
-9631
3003
-1455
-4848
-9344
623
-1805
-4118
-9887
2292
-2915
-2876
4568
-2446
8525
-3802
-4322
-6648
499
5272
2559
4527
6082
-6749
-1755
7530
-6485
5926
-7001
3639
5019
-9686
-750
9514
-507
7637
7661
-4273
-3612
8900
5289
6648
-4961
-5984
599
2701
-7245
-2024
-2197
-5689
6970
1510
-6126
3896
-5046
-4575
-9030
-6601
-5980
-6316
6695
-6015
-6908
8033
9422
1047
-7414
-8928
-1253
-2025
-3085
7003
9860
2445
-3486
9085
-2673
5928
5966
4077
-1810
-7739
-1326
-210
-3620
-3152
-9793
-5535
-4236
-6736
8110
-7118
8239
-7059
7653
-3124
-3420
-1645
-6243
2895
-5666
-6813
-6222
4360
-7323
6952
2706
-3624
-9833
2697
-5667
133
7161
1433
-1975
-4817
1202
7731
-853
-5302
2555
-7613
-4917
-6604
5468
3466
-7059
6104
-368
-6195
-9091
9195
1453
-1023
2399
-5589
7375
1985
7042
-5177
-9203
6376
9021
-4393
3965
5499
-7515
-3420
-4022
-1285
2641
6872
7205
-7739
-7128
-5918
-5369
-3626
-789
4379
-9550
-8564
-8928
-404
4722
6790
-3188
7927
-8789
9135
-4237
-1540
3171
6861
-4348
4607
-3729
-7545
-5880
-1726
9879
761
-415
-185
7420
8199
-3076
-8720
-7026
2852
8138
-3138
7375
7661
-3025
-1157
5270
3639
9872
6710
3079
-504
1534
6544
-1695
-5142
8255
-732
7086
753
6036
3662
7840
-8482
5787
-4459
9778
3781
2903
5948
-6839
-5276
771
-2802
9941
-25
508
-6115
-2847
-7314
3054
7382
-1283
-5199
-1689
1338
7653
-9321
9134
6868
-3031
-5560
1459
-4351
-3868
-7566
2680
-4733
-7118
-4729
-2765
9951
-8030
-1984
947
2762
7058
5275
6951
-2993
8872
1282
-8729
8299
-52
-8185
-4838
-4244
-2562
1049
8456
5007
8408
-9858
7057
9923
-9407
2740
-3284
-5147
8857
1966
2914
9990
-4480
-8060
1605
7834
3929
394
4885
-4735
2447
-8344
-9893
1640
-1547
-8827
-7711
437
-7903
-7878
767
-6115
2601
9146
-607
-9327
5430
8106
3944
-5017
1719
-9030
6363
3634
-8812
-156
3459
7751
-5337
9405
8239
4466
-5418
264
-1049
1806
2171
1906
8887
-6212
-9159
1323
-66
-3238
-5731
7642
-4347
-8247
-6406
-9253
1892
1246
-3241
8889
6557
-670
633
1729
107
-4087
9891
5816
-8463
69
861
1021
-9942
1947
8025
2692
2078
7721
9915
-4161
-3074
-9262
7494
4937
-2509
5553
-3231
-6214
1847
-387
-234
8918
2242
-5051
4535
-6102
1372
9177
-8609
1372
-6767
1527
3979
-3905
9968
-9967
7801
7865
-4524
8958
-4248
-7202
-5505
2085
-4652
3434
775
6410
-8772
338
-7958
1723
-1279
-6485
5979
5650
8439
9098
-9676
-8423
-1940
4723
3718
-8186
7268
6762
3349
-1122
-1134
1958
4043
5263
-9084
1338
7314
2336
-5700
-7898
-7913
6199
3355
-9365
-8202
7360
6443
-4734
-4201
2723
1870
8783
-2922
3411
2836
8585
-4400
4555
7547
4216
-6796
7623
3187
-5993
-9848
9363
-5557
2790
-7569
8889
-9811
-165
-9300
7494
623
-9434
-6914
-5542
6912
3586
-2025
-3486
-215
-1489
-8907
8664
-9072
557
-5077
-1110
-6785
3822
-9189
3636
-1174
-4103
7361
9107
3123
-4197
-50
7096
-2224
-2024
1668
-748
-5614
3214
2327
-2240
3117
2827
4059
-9084
1897
758
-9961
-4963
4846
3429
-7508
-9426
7380
7244
2544
121
6748
1694
2510
-2310
-1696
3026
7200
4344
-5911
-3559
2138
8612
-3486
6694
-2428
8416
-3732
-1201
574
7816
8469
-3819
1780
-583
-4494
1978
6831
4802
7056
-7239
-3700
-2001
-3030
1171
-5319
-6648
-4603
-5829
-3853
8149
3054
8235
-6181
-3706
-439
3807
-9488
1820
-1722
2445
8445
-3853
-5080
-6883
-5652
-5880
-9741
5755
-3334
-7858
4288
-7118
7127
5216
1938
-5474
9765
3533
3748
-8553
-1484
-7157
1278
4379
-1127
-6294
3781
7063
1738
-300
9154
7801
9279
-7960
-1191
9644
-2289
-4282
522
-2152
-9027
-6992
-4817
-5182
-8008
6485
9909
-7906
-7435
9926
6347
740
5915
-2224
9398
-368
4722
-6615
-2894
8562
323
-365
-2797
120
653
-3880
9704
-9828
-9617
1403
-3453
-9288
-9951
-1295
-3044
-6346
9490
1663
-1169
9407
1839
-6014
-8364
-8381
-7789
-234
8457
-467
9216
526
-6108
-2541
-3843
-5135
9496
2402
-1407
2994
5087
-7191
3698
158
8544
6594
4906
5787
-4195
2706
3063
9135
8178
-7978
-4005
-9955
1207
-6465
-496
-1520
9968
2903
518
-8344
-1840
951
3116
4942
-7228
3081
1774
-158
-6616
9302
-1295
-3031
6376
3734
8897
-4037
1330
-5705
9746
1453
-7706
7205
-6348
9482
3424
-7239
-9706
-5046
6726
5764
2384
-6218
-7694
-9676
9488
-3044
-280
-382
9229
-7179
3373
1220
6178
-6952
446
-4237
1076
5399
-3759
494
4723
-5711
-8546
-3376
-8609
3168
5344
-250
4361
-6271
2032
-8492
6078
8688
-3542
5830
-2168
-7744
-1323
-4991
1009
1551
-5903
-4123
-9089
5503
3524
-3789
9422
-81
-3493
2714
1891
1125
3249
775
-853
7313
6611
-9433
-4261
9134
461
-5733
-2377
5269
6666
-3469
-3113
-2035
537
4643
-5903
-8546
1047
3230
4438
-5565
-3388
-6346
-6325
2276
-2996
5015
-5937
-5971
-1321
-9542
-1096
-1312
-8095
-9929
-5071
-3112
-6394
2606
7093
-2542
-4671
3562
5784
-2099
-249
790
-8575
-4835
9076
-2024
2203
7474
-9751
-5835
1073
6682
1472
9773
-2373
270
-3095
2030
-2211
2899
-1779
3586
-9542
-3173
-3561
-1537
1203
6563
6029
-5400
-2074
2702
-623
7530
-9751
-4248
8784
-5715
-6717
6436
6434
7194
103
-320
8431
2521
-6857
-9318
-331
-3094
3994
4416
-3398
-9774
-1944
-6611
8529
-681
2135
4844
-8665
-6421
-5116
-9558
7946
5495
3408
-5883
-62
9714
-7850
-5880
643
130
4689
-728
-9552
-492
-3281
-9177
4975
-7013
6156
723
-4148
9098
984
6457
-5517
-4414
6951
-3221
-4348
9578
-4383
9174
-537
1749
2510
-6648
6443
1186
1261
1842
6150
86
1831
6442
5841
-9791
1506
1935
3813
-5352
2654
5744
5818
6213
-570
8494
8488
-9321
-3037
2035
3968
9279
7589
-6252
7244
-8842
7274
6649
-7694
-7789
8467
2098
-8050
1887
-9701
1875
-6397
107
8178
-7434
-82
-5088
9553
8325
419
-8888
8880
-8679
-9614
-663
5751
5971
-4736
-2098
-4140
-1761
-7411
-8618
-4020
-4887
2629
-1160
4941
-7263
-8962
2435
-3945
2310
-5871
-6201
5895
7668
3123
6193
3002
7949
-7816
-564
805
1687
8006
-1701
-8354
-7581
7968
5795
-6613
6783
2686
1609
-9298
8622
9626
2412
-9836
-2304
3216
-5356
-6384
2841
-5017
-6182
4063
-9296
-729
-2375
8900
-4301
-3917
-9302
-2797
3658
-1763
2938
-4460
5960
-5422
-6655
-7624
-7303
-270
9519
8837
-3792
6881
-210
-7086
7019
4523
-2224
-2569
-1170
-2314
1186
5408
2648
-9361
-243
-5440
8588
6203
-6568
486
-4261
5429
1037
9680
4839
-1518
3187
-7013
-3351
-5663
5632
-6516
-5199
7482
-5310
-7326
-7618
-3485
-7965
5873
3434
9813
7369
7768
-691
9883
1667
4135
7549
-9964
9587
-4100
1025
8031
-2506
4857
6941
365
2312
-6197
2405
5677
6103
-161
-9804
4290
2079
7808
4379
7256
-3309
1720
-3373
-8890
-1726
8181
-415
-224
4036
-1772
8658
2405
-6201
8941
5314
9968
6759
2050
7926
7238
8887
-6828
-9542
-2449
-2175
-6094
-8955
7806
-5455
-1366
4885
-8327
-6611
5677
7994
-4998
1595
-2160
-9556
-5182
6830
1965
-5007
8520
6325
8299
1886
9395
-8382
-3510
-1570
4024
-9361
7365
-3958
1506
-1900
-8838
-9332
4893
5671
7026
4834
1701
5674
7029
9154
-5459
-7121
-2542
7091
1125
271
-1421
-7415
718
-3152
-8495
-52
9217
-623
-719
4365
-1852
-570
2425
740
3605
1442
-1800
3816
140
5954
-7644
-5977
4987
7885
-725
9422
5885
-7980
9622
-471
6840
-3379
-4230
-7925
7604
-1510
-9262
-7702
9496
8730
-511
-5760
-3058
-2182
-5930
1438
-4090
43
-6416
-9635
5463
4759
-9793
-9471
-2176
-156
5250
4247
-397
-9864
6900
3485
-681
-7850
-9087
6150
-7739
9982
-4540
-7542
1353
3168
4080
-3374
-5549
1241
3415
4556
-4841
-7233
190
-2383
-5531
6952
2443
-5296
2665
-3296
-5971
-4266
-9289
-9911
-7782
-3142
8799
5047
-3080
-4242
-4373
5718
3813
-3262
6752
-1426
-6703
2298
-5173
1951
-9326
-1721
-3843
52
636
9029
-687
-7448
723
9796
7361
-3095
7118
-9637
-5021
-6126
-4121
-1761
3586
7211
9200
-6870
7003
-2554
8599
-5831
9571
9682
-2598
5430
5797
2121
-1642
2792
-5258
8250
-3752
783
-243
7868
-4878
-7204
2639
-9099
-1068
1730
-9179
-1197
6362
723
-5748
-2010
4995
5735
-7715
-9687
5644
-1091
7691
-3961
4935
2387
-2630
-282
1435
9984
-3616
-69
3155
-491
3828
-7212
9247
-3940
-7514
4361
-1077
-6999
6473
-6999
7093
-5609
-4228
-844
9134
-2193
-8542
3635
-809
-5511
7802
-6126
2626
-7170
6662
9321
-1133
-9261
659
-7564
-7576
-629
5874
4528
3203
4036
3568
-5405
-4548
6073
4600
7366
6170
-9981
-7494
-6860
3867
-4396
-8782
-4986
962
4419
-3196
3481
-7715
4164
-1349
-1723
-9974
-7459
6659
2342
-5053
-9202
-7687
-3526
-2788
2493
-7084
-3824
-9888
-6529
-1421
-7829
9229
-7236
2064
9317
5710
5811
9938
2027
1672
3288
-1566
9206
4203
-7978
6925
-2549
6861
-4297
-7131
9283
-5861
-9087
2348
4253
6037
9827
6623
-719
6401
9138
-8378
-8159
-5927
9094
-1294
-5849
-6153
-7553
-1312
-8273
8882
6860
9035
666
-8792
-3534
-2659
-9597
-4427
9950
2639
7263
6957
3658
5159
-3804
-9435
-5885
7870
-4847
-8665
-3018
-8482
-783
-893
7889
3123
-899
-2401
-2772
9848
4483
-1060
-7566
6542
6525
5388
2361
-280
9872
99
-9747
-4160
8859
912
3117
-439
4073
8467
-7177
6105
-3618
2788
-3223
6666
-7501
1787
8265
-1326
-1088
-7336
-3467
-5523
9829
4623
3003
-1688
1306
3146
-9531
9138
-8461
-9840
5600
-590
-1794
-4838
7973
-8275
4519
31
-5106
4141
7900
574
-1337
-6680
-3071
6487
-4905
7673
-1474
-3040
-9966
5856
-2765
644
-7424
-1852
-5386
-9754
1847
-4375
8630
-4431
2391
-3526
1640
-4812
6546
-8347
-6842
6330
-7263
-7027
-9531
-3431
9090
8002
-2315
-2163
7865
-7261
-6990
6882
2610
386
2124
6249
-3112
-1342
8582
1659
4816
-2139
7918
-8812
-8727
-4005
4647
-7494
-7327
-1501
-1927
-1673
-6526
-3420
1566
-2714
1425
-2891
5416
-2383
2037
-9942
9752
537
8455
-5755
1663
-8429
2544
2240
-5241
-4634
-3835
-1921
8945
-3344
-2918
8012
771
3379
871
-1023
-3630
-2236
4415
6078
-981
5755
2680
-870
8318
4962
-6961
1273
2271
9990
9432
2088
2413
4712
-9132
5601
7718
8457
-6528
-4224
-3204
-7523
6225
-9287
-2220
8075
2010
-3492
2688
-8188
9215
1544
-1915
1408
-9867
7475
-8605
-1615
-5220
-6785
2025
-883
5803
6530
-386
6503
6103
-5781
-854
-6763
-2136
-7181
-2525
7897
-9258
-5575
-2373
-1861
-4297
-8762
-2558
2163
1169
6959
-4347
9600
7688
9003
3189
-788
1292
7220
2926
-4933
-8004
-6535
-4541
7665
-2375
764
8158
-2031
2124
1394
2943
284
7478
3117
-5452
-9946
1428
-322
-8253
-7390
-2266
7152
-137
3080
-920
4305
9028
7432
9477
-9327
-5433
2610
7199
-3344
3415
7542
503
-9332
-6065
-7121
-496
5236
395
6551
5151
6967
-5541
-6904
8141
2870
7623
-2987
-2098
3002
-6069
4540
-7202
-727
-494
2788
740
-8563
-3435
-1975
4124
-8106
2853
6344
-3031
-1101
-8721
-946
9680
-2476
-1623
3214
9035
-7887
-1215
-8587
6335
-9230
7056
3064
-9335
-4472
1780
481
-86
-3868
-8677
-2300
9791
-2802
-2279
-9989
4082
-368
1701
-7169
-5841
-5139
1063
2525
-9047
3478
8869
7649
-3692
-2956
-5216
-9389
8980
-5214
3349
94
-4199
124
-538
-9300
4253
7152
3214
4263
-6968
2686
2158
400
-1003
-3413
-2314
-8567
3965
-7200
-4240
5411
6442
-1316
-2980
4874
8936
9618
-694
-4941
2559
6171
8361
319
5788
6310
1724
2299
-3262
9143
-3948
-6968
-6136
6406
-8551
6140
-6420
386
5482
1107
-4819
-5541
4280
3091
-9194
835
467
9271
-9764
-4612
486
-9597
2942
-2932
1021
8775
-8764
9510
-7879
6641
1181
-6052
-5280
-9195
-3584
8544
7366
-4205
-8623
605
9629
2352
-6114
-880
6341
-4256
4523
-1734
7164
-3417
5453
-5066
-5142
319
9502
-215
5583
5081
7358
-6275
8199
9134
-9388
-4040
4379
-2218
2312
-4079
9278
-9840
-2767
2473
6006
-4237
5437
994
585
7524
-7200
8630
-3069
-7879
-2496
-6505
-5516
9919
-8496
9848
-7390
9423
-3428
-4964
8737
-7202
8031
-9276
-4540
7026
-9207
5353
-2588
-3130
5751
-7059
2056
-596
-5717
6810
5618
9305
8054
1927
7719
8500
7439
3998
9205
-4118
-2441
-1173
5025
9056
-4965
4049
-5825
9891
8684
-1321
-2165
2036
8608
-1686
9217
-397
9806
4378
-2428
-3467
-48
-2987
-8332
4141
-520
9081
5166
-9723
-9301
2682
-1811
-491
-2767
7063
-1519
-8161
-3191
-9615
2534
-3367
-7357
1454
-9042
8112
3386
-7401
7999
-4093
-6443
-4118
8150
-3226
-5422
1738
-5179
8942
5472
1778
-6431
2427
-1924
7665
-3262
-9412
-2985
7869
-4657
-1696
-7828
2505
943
-4819
9389
9276
-1965
4420
2081
-3431
9244
-2784
7891
231
4244
3494
-9128
2186
-2933
5016
-5276
-2311
-9043
9717
7224
-7831
331
-4541
4777
1927
3497
-7566
4955
-8200
452
3907
-7116
3003
2270
5878
1327
-3252
3334
9229
3840
7924
-8873
6925
-4396
7439
-3391
555
-2630
1689
3367
-1551
-4237
1306
9304
9805
-9326
-5401
-4905
6154
7706
5289
3927
-4434
7671
6785
-2119
-5316
-6832
3136
-1707
-6392
7411
383
-5088
2942
-9662
2405
7420
8332
4483
9923
4253
-9679
4390
-6601
7755
-4835
9897
6140
-8494
7317
4063
-663
-6485
-5871
7091
2706
-9250
-5548
-9223
-4454
-1859
8311
5564
6594
-9207
8526
8734
9915
-671
5469
5259
-2448
7810
2145
8628
-5750
7647
-1721
-6218
-3662
9485
7380
121
9385
7285
-8951
-3426
4517
-7155
8721
-8179
-74
5330
7927
-38
9321
2679
-4371
4415
6952
-2663
1619
2756
-7110
-729
6371
-6259
8302
6006
2433
3994
432
5269
-9624
-1809
-3865
-1134
-7059
7801
-5058
7268
4523
6816
4607
-9426
9916
-932
-992
-2664
2216
-7966
4396
9668
1742
4472
644
-4116
-1313
8967
97
9302
903
-7133
-1715
2615
91
2826
-5668
2846
1911
-189
-4286
6611
2844
-4766
-9084
1093
-6049
-1261
8959
-992
-412
-3871
-8987
1624
9279
1636
2421
513
-8768
7069
790
-290
5751
-6072
9916
-2980
-1209
-8415
4518
-4457
-549
1580
-9540
9201
6442
3813
6872
-1942
-5880
-8249
2521
-8779
-3112
-7026
688
6563
-5980
-8150
2463
8989
-6053
-1438
-7446
-2160
2756
6752
8852
5227
9446
-6761
386
1983
-1977
-7228
-2400
-7222
770
-2674
-1104
-4244
-5167
-6197
-2932
6510
9881
8273
-3285
4055
-8781
-6373
760
89
-844
3364
-7213
-7374
5643
4946
4495
4243
6752
-516
4027
-8293
6726
7523
-163
-5886
-464
-3284
-8907
-7770
-8696
-3559
-2678
-7377
2993
4359
3281
9488
4244
-3588
-7231
8416
-8480
5542
2760
1162
-6526
3517
-1200
5499
-9379
-6181
-8804
-1613
-3894
-840
-8054
-502
4722
2314
1049
-7962
-2036
-8971
-5531
1396
-5063
5201
6563
8816
-5284
8145
-1977
-2914
-9260
-6386
6362
1023
-3252
8744
3562
5701
-3777
1009
6748
-8665
-6214
-7130
-5332
3755
4840
967
-6614
8727
-2124
1001
-8047
-8161
9940
1146
-8046
-1826
-5861
-5377
-6127
2790
-5734
-6125
1506
612
-900
-4331
-6763
744
2826
4600
-5632
3566
1442
8068
-2748
-7177
6859
1612
-1970
9684
4093
3149
454
-1912
85
-5092
-1609
-5886
-5065
6016
-6611
-2047
2027
3221
9423
-560
-9207
4207
2673
-4388
-5470
7757
5541
4059
1238
-3484
-5565
-7257
-8112
-8809
-3256
-9288
-4118
9022
-4869
213
7102
8977
-9148
1372
-2570
2783
-2261
-9361
4417
3511
-4427
-858
5417
7092
7606
-2082
-5511
-3278
947
7875
3588
-8823
9496
-6854
-1115
4406
1216
9187
5854
6273
9968
-1789
6040
3061
7457
2373
6594
5621
-9916
9566
9271
-8156
-6558
-2760
-8779
2035
4816
633
4759
-6908
-2990
7965
7990
1952
7034
-2860
-4830
-7726
-8907
-9602
-2158
-4415
1484
-5077
-6860
-1706
9153
626
-9121
-7715
3126
-4280
8240
1156
506
-6165
1337
2732
-1472
-2413
386
-9754
3431
-3420
-2678
396
-880
-8947
-2040
3955
4893
1700
3788
-9316
307
8744
8138
1161
5087
9590
-8951
-4461
-3097
-6856
6073
9029
-1474
6006
5468
579
8143
-3234
676
-8195
7542
1082
-3676
3680
-8625
9415
8479
-2987
9127
-1294
5233
2682
2406
9629
-8018
9081
-4721
8737
-1912
6734
6118
-5388
7204
3123
-6
-5079
-825
-9117
-3415
-2998
8714
-4998
3109
-2861
6626
-4121
3755
-9707
1700
-4794
-4943
1524
8608
6775
-2182
-9754
-1842
8988
3059
-7128
4663
-5652
-3441
-7197
-7157
6008
-6126
-9118
6167
-5196
-3254
-9288
365
5343
6428
2768
8185
9022
-8665
4322
-3350
-4680
-185
-7157
4379
9267
-5851
8426
-4246
-7498
9382
-8293
6042
2208
-9189
6003
-8987
9629
8737
-8778
3856
7873
-8381
-4057
349
-7726
2779
-4137
-2621
-5308
9796
-1160
-7966
-563
-6263
-171
-5466
9267
-249
4623
3681
-7941
-6982
1086
8746
9352
-2987
-6217
-4099
-7248
-7092
5588
-1722
-9987
3484
9344
-7647
8110
-1467
-8171
26
-2619
518
-9947
7457
-9288
2002
355
-5017
7454
451
-1573
-9353
-3592
9736
-4001
-1197
-6854
9500
-7191
5441
-5849
-4149
-4835
-5514
-9288
6785
5817
8097
-7501
4107
-6802
-9083
-2235
2032
-7715
7559
8467
444
-1702
-7599
450
9657
3638
-1283
7647
-742
5873
5148
1741
8173
-126
-4398
-3612
-1121
-6038
-9015
2948
-5980
-5928
4280
-8414
-4368
-697
-8765
-502
9984
5697
2109
994
8141
7677
9143
6443
9277
-8618
-4594
1654
-2329
-7714
-5319
8492
-7128
5884
9022
-8996
5159
-8127
-6396
7045
-2235
8592
-4897
1654
-2066
-1091
8482
85
-4106
2627
2697
-4282
515
2270
7952
-2664
7423
-1540
-652
-6209
9590
-4757
4946
-9171
-9160
-1496
6410
8628
1707
-9656
-7401
-7960
-9452
2742
2790
3888
-3161
-1742
-5803
3362
5135
-9751
1371
-8512
-9957
-7837
-5665
2663
6504
6594
-5322
-252
-8891
2165
-8990
-9635
-9138
-5129
-3391
5798
6367
-7264
-7903
-4616
-3640
2311
6775
8041
-4203
1726
6594
-8091
-9385
9276
4798
-2562
7313
5137
5843
7952
-4784
3620
-9451
3367
-9836
7968
-8354
-4628
-3517
5277
-4210
1180
-1342
7628
-5211
-6014
-8286
1946
-9805
-2257
5265
-6854
8719
8891
-7518
840
-8201
-3410
-7130
9649
1171
-8679
7801
-792
-8971
-6928
-601
9983
-8008
8240
-6939
6865
-5377
8199
-3139
196
5569
5023
-8057
-5432
9639
-8562
3687
2176
-331
6611
7757
-7609
6439
-4757
5717
1825
2639
-7539
-1429
-8480
6293
-160
4765
3193
-5802
-684
-4149
7154
5966
332
-3827
-8127
-3265
2314
5563
-5824
-2652
9044
-9467
311
-4239
1139
-8259
1338
-3072
6831
-3156
5186
5396
4838
8181
-6705
1593
6775
-5019
-4112
3808
-8349
-9086
5151
-1902
-4998
7090
1038
628
-4410
7539
8040
7340
6536
1093
-8911
9172
3605
5411
8442
618
2447
734
5371
6666
1709
-38
-2980
-264
-9552
-158
-328
4263
8332
7624
-4895
-1451
-8127
8933
8340
6426
-840
-7842
-3181
-4418
2475
-6883
-3175
-6509
-2035
2430
8872
-7397
3715
-2175
-1537
-5342
3014
-6708
-7855
-5541
1610
-5244
-6644
-2137
1074
1538
-2373
-4007
-8218
-8990
7240
-5337
-125
3172
2475
8608
4946
9732
-4333
6297
-7200
-3231
-2377
7229
8491
8588
3535
4529
2729
-4431
6775
6933
7881
5174
7683
6775
-7372
9352
2433
2473
7367
-5342
-282
-9614
9868
-6448
-4948
9855
5228
5717
-1057
5116
2447
7661
7264
5960
-1335
-7298
-9400
2242
-9078
-2163
5445
-5107
5680
-8060
-5525
2914
-549
-7029
-454
-4199
1749
8136
2098
-8687
-9248
-2315
7313
973
-421
767
5907
7136
6581
2849
-8017
-7545
4979
-3732
-6
-1035
-1811
5290
-4087
9471
886
3423
-2448
-5085
7716
-5322
-5174
-7257
7398
-1316
-8074
7628
-8363
-792
4073
-6553
-1434
-4348
2752
-7566
956
5435
-741
3709
3023
-7675
3781
-5615
-1944
-5699
-7110
-4886
7361
914
-127
1442
-4375
-2205
6464
-3520
-3243
-4916
-8535
8808
7127
12
-2244
-2540
-7754
8775
5751
1390
-5253
3485
9578
5515
-4483
-8954
5152
4112
-6068
8231
4246
7445
5183
9415
1927
6676
-397
1146
-2664
-6702
-5554
4593
5383
-9219
-8782
-5476
-1970
983
6402
-5532
4425
-1353
8734
9407
8087
-5351
2578
5019
8366
4207
1578
-4861
7628
-8499
-8361
7394
7990
-6318
513
8719
2163
-3025
8425
-1365
-7231
9915
-8898
2437
-4187
1338
8120
3070
7198
2131
-7756
6001
1983
-5095
2266
-3289
9915
-2059
6924
-5137
-2119
7552
-2918
2405
3734
6710
6
-161
9461
3462
-8803
-4273
-7855
576
-5054
-8234
-2098
-7755
-4764
4175
5227
8900
-4037
3651
-5614
5830
-7130
-4828
-9976
-6597
-9705
-7781
1290
-5159
1870
6442
6669
7670
1733
438
-6706
-4917
1484
5270
-9542
9851
4305
2948
-8233
6924
2721
-7972
-6219
9022
-443
-3517
-8894
104
-8833
-1977
2396
-1157
-8841
6933
5700
-3386
5045
-2040
5537
-1605
-4689
8799
4092
7159
-496
8063
9630
-1494
7086
-824
8500
2130
-4945
586
-6789
6867
-4517
979
2611
-1826
-4211
7139
2968
-2031
-5356
-3752
-3071
-7494
-870
1597
-6856
578
509
-6974
5388
-9680
9583
686
-2497
-1159
-497
-765
-782
-7247
-7879
-9705
1839
5135
7194
7808
-8951
-3420
-5526
-8951
-2586
-3574
89
7753
9276
-8030
-498
2689
-3448
7677
3533
7811
-9093
1278
7821
-9416
3221
-7852
-8662
8978
8799
-6535
7387
842
1867
8012
-6126
-6392
7134
-3156
-4566
-3526
5873
1431
-4090
5602
-8740
-8419
-5801
2742
9249
1767
-4307
-1114
-9461
9030
-3317
-6091
-5652
6239
4946
-3230
-4406
2656
-1546
2788
-1175
-5214
-8898
-1808
-6201
3681
6443
3402
-1407
6294
-4320
-1396
-7552
-6123
2132
-3156
859
3156
8181
-2996
-2663
-266
487
2657
9106
5277
-7559
2316
1667
1263
1089
2867
4223
3453
-7176
44
-1810
6754
-7608
418
1376
-5792
1257
1717
-4434
-114
-1864
-997
1767
-7120
231
-410
3270
7685
-1902
-3742
2070
4102
-7485
-7013
-4196
-5874
7628
-1261
8834
5902
723
-7897
2875
8854
3073
-8969
-544
649
-6897
-6431
-992
-2060
8040
6594
2935
-6919
-6648
1619
9752
7361
-7059
-5139
-4112
-3191
-3250
4600
4289
-1833
9015
-2205
-5669
-9347
8978
903
6273
4100
1408
2435
942
-3960
-8562
9581
8588
5895
-7128
-9575
-1818
-3349
-2084
1847
4322
-5325
-3030
9504
6365
1657
9950
-7862
-2874
9093
-8705
-4604
-159
3588
-4162
9307
-2625
9074
-4119
1181
-5284
798
5573
3718
1467
5650
-844
7088
-4996
-3696
-8105
-1215
-608
-175
3929
3828
-8727
1656
3947
2596
8709
-570
3757
-4780
-1288
1868
8187
8371
-5383
-1053
112
8065
-3744
-3572
2951
7869
-6797
-9435
-2848
-706
-4861
9814
-516
1981
-1017
6757
425
7544
8243
4365
8658
9668
2665
7152
-2779
-4545
7279
6969
8136
8519
6875
-1312
-2344
8723
-9289
6079
7661
-6994
5783
-9624
-8763
1907
-104
8500
2460
-1304
-8665
5608
-6321
-5401
461
-9635
7984
73
-7509
-10000
-4297
-2937
8118
4663
5250
5787
8906
-5507
835
-9176
1905
6611
6581
525
998
-5682
793
4708
-7906
-6604
-9527
-3559
3998
-9189
-7448
5525
612
6598
-2548
8184
-9122
8734
5355
6333
-9357
-8869
5760
250
-9636
-1601
-7280
942
-3723
-1052
1565
4201
2324
9937
4623
-4396
9463
-2343
517
6347
6446
-2318
4420
5299
721
-9542
8658
-4280
3483
-5614
-9593
-3278
-8415
4211
-9635
-900
5148
2844
5758
3745
7055
-4022
8229
-8435
7683
-8187
4135
-6934
-2748
-2152
-1134
-2031
-5159
-3783
-5932
-8582
-1551
2626
7328
-389
9387
1832
-6981
-3868
8109
-4459
-1678
9079
-2959
-7539
-127
-1152
2759
-6393
8161
8691
5627
8169
6567
-8665
3341
-8546
8734
3381
-9566
-3626
-8232
4916
7397
-891
6508
-9347
1140
3054
6247
-397
-2640
513
-105
6727
-7450
2694
-5718
-8354
-6856
6759
-9344
3311
3404
9979
-7026
-5175
5601
-4348
-3696
-9865
6488
-1353
-9332
1392
9943
770
1657
3813
-5603
6729
-9830
-9183
8881
-5019
-4440
6226
5182
-8760
3957
-1410
-455
7090
-2831
-8711
-3631
-2066
-9793
8623
513
-7471
-8050
-6568
2768
-5294
9249
9098
-7377
-4734
4627
7831
2087
461
1672
-1363
-2632
-4161
-9662
-6153
-6312
2122
-5310
4034
6040
-4735
-9310
6261
-3076
-7407
1167
-9162
-5145
-9785
-3686
-5603
-9370
-2540
-8871
98
-6526
6443
-2462
5764
1181
-5663
4510
7670
-5591
1891
7386
-8553
-5277
2403
3084
-1964
-3172
8134
8462
2965
9877
316
-9840
-748
7483
-1802
8601
553
623
-4498
-4193
-4566
8711
9352
-2687
-5161
-645
-4936
3698
5330
-4257
-4680
7053
-415
-3752
-3995
-3653
-6372
-3756
-2745
4784
386
9498
-3503
4305
-6566
-9135
-6125
4416
-1955
-5512
5668
-5445
9614
-161
2961
-2748
4314
-8407
8221
-4848
-3097
-2828
9463
-504
-3578
794
-288
5
-9762
8065
-2560
-8837
-6730
-9947
-3828
-3531
9497
-3917
6245
-4905
9030
-4112
-6553
-656
1672
-1527
761
-9433
4107
9273
-728
-9957
9312
4382
8972
4509
-5278
4712
-928
4782
-6919
8074
-3043
-1940
-1965
-7147
885
7689
-155
8065
-3414
-6827
6727
797
8309
-9805
-6397
4358
-5835
-1405
-5627
-5066
6665
5087
6194
-1133
8646
4212
-9087
-3120
-9350
-7401
3462
388
4838
9429
-3531
2707
9140
6206
-5167
2447
4207
-5243
-9769
7956
-8456
-4388
1385
-3711
-8708
-5294
3330
6861
1510
9659
-327
-1058
-2136
5619
1858
-813
4468
5988
-7083
-963
-3700
-5531
-3223
-2355
1299
480
2648
-5633
6521
-5979
-355
-1868
-9156
8910
2940
-9701
-3795
-760
-2082
-5303
-1538
9199
-4781
-7597
-8545
9205
6457
-891
-3901
7748
4523
-5588
8125
9946
2836
-9439
6195
-6979
-9326
7452
-8271
-7455
4401
8366
-548
-3332
5335
-6102
4874
8411
7881
-2987
-8951
3307
4891
3269
-1915
-7654
-4297
3965
6312
5234
2754
1922
5404
-6920
-1426
-3998
-3068
9537
-8408
-8684
730
8955
-1878
-3094
-3973
580
7782
7877
8419
1213
-2538
898
-9342
1440
2246
9177
896
3380
-2596
7200
-1454
7481
4946
-9547
9320
1266
1985
6552
-2160
9993
6142
7223
100
8566
3123
-2802
3548
807
-4180
9566
-7891
-5216
3003
-5820
153
-8479
5
-415
-103
-8873
2994
-7644
1902
-6107
-2009
-6726
2760
2510
-6511
-7112
4223
1273
7328
886
4613
6201
9840
-9793
-7756
-1549
4800
1167
7220
9076
-99
-2133
-4571
4037
4650
7047
2359
-3813
3011
-5142
203
1654
8688
-3427
9915
-2704
9496
-5496
-1970
-2911
1922
-7901
-7507
-1111
-8127
3502
2052
4319
1113
4863
-1424
-7947
-3765
-6629
-7577
2606
-4040
-4320
-1610
4123
3358
9840
1839
753
-4824
-8741
-1546
8597
5336
-2168
9463
4306
4594
-2448
-2373
5644
2378
7670
6859
-4297
3364
-6636
-8642
5628
6574
2779
-744
4655
-6466
-1880
-5711
-5788
694
3331
-1796
-575
-8776
-7744
7869
3816
-3752
-5259
-370
1878
-9823
-4371
3046
-7362
-2329
1770
6451
3554
5417
-932
-7599
-6289
-9491
-4972
-7668
4277
5334
732
-9496
-9781
3589
6592
-9901
-9179
240
-6406
807
5676
-9028
-2484
8799
4600
8867
-9788
1504
4875
-9003
-3313
-1615
4181
-8184
9793
9555
1630
-8376
-2465
-8074
4570
6890
4420
-6125
-125
-8990
-9302
-8808
-4607
9263
6405
7328
-4514
8417
-827
-4347
-4090
-3656
6788
5236
-4772
-4057
-4694
-1809
-1606
3091
-9194
2027
2583
969
7711
627
3731
5519
-728
1394
8783
-6209
3409
-6797
-6888
9940
1023
-9709
-9769
7352
1282
8015
4632
-5506
4432
1958
5787
-9253
-5801
-4998
438
9220
1371
-7100
8545
-7769
-1134
7355
-9938
1283
1173
9337
-714
-9644
-9865
-759
4092
-7852
1433
842
8324
886
-2996
2248
-9712
-1061
-4301
7388
-2130
-6813
-6058
-2177
-7270
3362
97
5629
1831
-748
-9682
4336
-7507
-3448
6273
7877
-9189
-7231
-3133
-9479
6464
-2428
-856
-950
-2888
-3223
2681
-6236
-815
-2361
7653
3270
9346
1173
-505
8159
-2983
-8514
4723
3212
8181
1439
-9540
3884
-4593
9317
-1076
-4711
97
3070
4689
-979
5384
9578
-9169
7456
-8954
6144
-3709
5754
-3559
-9083
9901
2510
5288
7440
-724
7244
1067
-9356
-2220
-1196
1169
-167
7987
-903
-4055
-689
-259
5591
-3431
9360
6525
8344
-6658
-7128
4819
-3302
2679
4779
-8485
-7009
-5576
-2442
-3704
2163
-9602
1356
-9542
-3382
6171
1593
-6968
2596
-9415
-9783
-5639
-6919
3494
8566
9604
-5268
-4437
4593
-7139
5259
-6438
3404
-7411
6709
-5883
7552
-4091
-2802
-9388
-4106
2935
-7391
-9705
-7893
4990
-4151
-4203
3820
942
9914
6266
-9079
2920
-6390
8726
-2160
-4841
-5759
8276
5430
1619
6488
-1313
-8363
-3257
-417
-6935
3644
5507
8988
7732
-1726
-5053
8475
-3830
-7032
9884
-5292
2663
2706
-8824
3226
6862
6866
-2042
4470
2437
-3384
-6777
-109
6524
7605
4102
-8564
9993
-7259
5334
-4420
-5588
-3094
-6054
-1438
-1290
-1533
7916
-8273
3589
9145
-8947
5252
-4094
9735
7577
-1778
-8014
7382
-6396
-5021
8646
-9080
-1267
-9568
5674
-6735
2460
-7572
1524
-4922
2088
7124
3873
-8210
-4289
4306
-9148
-5993
-9186
1352
-4705
-2362
-1251
-7448
-5588
-3476
7544
-8185
-9072
-7390
-2542
-7086
-6416
7091
-3172
-9202
-6014
4712
720
-2346
-6
9486
3307
-1218
-9793
1923
3374
-7083
-9301
4580
-4882
-8711
5735
-5400
-8138
-9117
-3188
7313
-6401
2384
5499
9033
-290
-5315
-8510
2439
-230
-3044
-5878
-4996
-4607
2025
6464
109
-2765
307
-1088
1992
-8047
1283
1390
4838
5673
-9600
-3351
-1025
4033
-4253
-2305
4730
6676
9668
3241
9382
-643
-5285
6294
6699
8372
-6564
6552
-5474
-9598
-4197
-3819
-5474
-6420
1396
-9588
8321
-1811
-8880
1272
5039
-62
-2799
-3868
-1446
3979
2190
-9117
-4051
158
2968
7816
-2390
4132
6002
8809
-2428
-5482
7661
6611
-8871
5340
-7831
-651
-9253
5608
-4945
-1197
8928
7375
-161
-8873
8302
622
-7969
5725
6831
5203
7056
4390
2447
231
-1975
6666
-4360
7210
1559
-9656
5111
1171
-9676
-1707
2035
-5854
1015
-3752
2342
-8983
-7112
-3690
-1420
7677
1012
-3355
626
7931
5054
-4757
-962
3586
5394
-5088
-3017
1710
951
-1426
-5258
5387
4600
1276
645
-8127
-7125
-1312
-60
2626
-8127
39
-3449
-4368
-8609
-1467
-9326
-1664
3040
-341
-354
8170
5718
104
-382
-3254
-135
8649
8425
-9187
-697
9295
5588
5069
1086
1456
-2282
-8339
-1308
8087
-1312
-6981
9933
-5523
-467
-445
-7714
4929
5626
7380
8220
-5693
-4066
-9709
5007
-7766
8714
-514
2298
6445
-6592
-7336
-7911
8837
869
4643
9645
-9719
7244
4578
-2772
-9348
493
-3896
4193
194
5950
1992
-5788
5863
3570
121
-3845
-3751
7949
5734
-6436
7628
2926
1729
-7905
-2648
-465
-7747
0
-7323
7328
7119
-8471
-5226
9451
-9981
3861
7653
-9929
1758
-5977
-6161
-7264
3093
2789
2433
-8954
-7869
-4688
-3843
-1191
3478
-9865
3054
909